0 0.5925480769230769 0.21634615384615385 0.3269230769230769 0.30649038461538464
0 0.3317307692307692 0.34375 0.1502403846153846 0.09495192307692307
0 0.33052884615384615 0.4891826923076923 0.15264423076923078 0.09735576923076923
0 0.328125 0.8725961538461539 0.1658653846153846 0.1778846153846154
0 0.8329326923076923 0.20432692307692307 0.13701923076923078 0.10336538461538461
0 0.8341346153846154 0.3245192307692308 0.13701923076923078 0.12860576923076922
2 0.8413461538461539 0.11177884615384616 0.15745192307692307 0.06850961538461539
2 0.25600961538461536 0.17548076923076922 0.31971153846153844 0.1814903846153846
1 0.15264423076923078 0.6550480769230769 0.19951923076923078 0.6201923076923077
1 0.5024038461538461 0.49158653846153844 0.17548076923076922 0.21634615384615385
1 0.6754807692307693 0.4963942307692308 0.1778846153846154 0.22596153846153846
1 0.8569711538461539 0.6814903846153846 0.18509615384615385 0.5564903846153846